# Animation points for racetrack
3.86553 6.27341 -0
2.92978 6.29473 -0
2.04204 6.25562 -0
1.20343 6.15674 -0
0.41509 5.99875 -0
-0.321853 5.78231 -0
-1.00627 5.50807 -0
-1.63702 5.1767 -0
-2.21297 4.78886 -0
-2.733 4.3452 -0
-3.19597 3.84639 -0
-3.60075 3.29308 -0
-3.94621 2.68593 -0
-4.23122 2.02561 -0
-4.45463 1.31277 -0
-4.61534 0.548074 -0
-4.71218 -0.267822 -0
-4.74405 -1.13426 -0
-4.70981 -2.05057 -0
-4.60832 -3.0161 -0
-4.43845 -4.0302 -0
-4.19979 -5.09068 -0
-3.8948 -6.18934 -0
-3.52665 -7.31647 -0
-3.09851 -8.46232 -0
-2.61358 -9.61719 -0
-2.07502 -10.7713 -0
-1.486 -11.9151 -0
-0.849709 -13.0387 -0
-0.169318 -14.1324 -0
0.551996 -15.1865 -0
1.31106 -16.1912 -0
2.10469 -17.137 -0
2.92971 -18.0139 -0
3.78296 -18.8124 -0
4.66124 -19.5227 -0
5.56139 -20.1351 -0
6.48023 -20.6398 -0
7.41458 -21.0271 -0
8.36127 -21.2873 -0
9.31712 -21.4107 -0
10.2784 -21.3907 -0
11.2393 -21.2334 -0
12.1933 -20.948 -0
13.134 -20.5436 -0
14.0551 -20.0295 -0
14.95 -19.4149 -0
15.8125 -18.709 -0
16.636 -17.9209 -0
17.4141 -17.06 -0
18.1405 -16.1353 -0
18.8086 -15.1562 -0
19.4122 -14.1318 -0
19.9447 -13.0713 -0
20.3998 -11.9839 -0
20.7711 -10.8788 -0
21.052 -9.76523 -0
21.2363 -8.65241 -0
21.3175 -7.54953 -0
21.2891 -6.46579 -0
21.1448 -5.41039 -0
20.8806 -4.39121 -0
20.5024 -3.41075 -0
20.0189 -2.4702 -0
19.4384 -1.57073 -0
18.7693 -0.713513 -0
18.0202 0.100268 -0
17.1995 0.869437 -0
16.3157 1.59282 -0
15.3772 2.26923 -0
14.3925 2.8975 -0
13.37 3.47645 -0
12.3183 4.00491 -0
11.2457 4.48169 -0
10.1608 4.90562 -0
9.07198 5.27552 -0
7.98772 5.59021 -0
6.91648 5.84853 -0
5.86673 6.04928 -0
4.84692 6.1913 -0
3.86553 6.27341 -0
